              precision    recall  f1-score   support

           0      0.933     0.519     0.667      1226
           1      0.207     0.337     0.257       246
           2      0.394     0.332     0.360       241
           3      0.082     0.273     0.127       128
           4      0.066     0.105     0.081       153
           5      0.034     0.159     0.056       226
           6      0.141     0.408     0.210       218
           7      0.203     0.033     0.057       361
           8      0.870     0.027     0.053       734
           9      0.891     0.870     0.880      7915

    accuracy                          0.689     11448
   macro avg      0.382     0.306     0.275     11448
weighted avg      0.796     0.689     0.706     11448
