              precision    recall  f1-score   support

           0      0.897     0.681     0.774      1394
           1      0.146     0.067     0.092       193
           2      0.157     0.200     0.176        90
           3      0.027     0.027     0.027        74
           4      0.055     0.067     0.060       105
           5      0.046     0.363     0.081       135
           6      0.137     0.485     0.214       165
           7      0.299     0.066     0.108       305
           8      0.714     0.014     0.028       705
           9      0.904     0.901     0.903      8882

    accuracy                          0.760     12048
   macro avg      0.338     0.287     0.246     12048
weighted avg      0.826     0.760     0.767     12048
