              precision    recall  f1-score   support

           0      1.000     0.071     0.132       127
           1      0.317     0.136     0.190       236
           2      0.336     0.386     0.359       264
           3      0.137     0.221     0.170       244
           4      0.065     0.100     0.078        80
           5      0.044     0.122     0.064       148
           6      0.157     0.322     0.211       152
           7      0.217     0.034     0.059       147
           8      0.000     0.000     0.000       192
           9      0.901     0.870     0.885      2634

    accuracy                          0.608      4224
   macro avg      0.317     0.226     0.215      4224
weighted avg      0.654     0.608     0.612      4224
