              precision    recall  f1-score   support

           0      0.943     0.262     0.411       564
           1      0.204     0.314     0.248       299
           2      0.495     0.322     0.390       304
           3      0.168     0.298     0.214       225
           4      0.096     0.167     0.122       162
           5      0.086     0.275     0.132       211
           6      0.167     0.449     0.244       205
           7      0.167     0.009     0.016       346
           8      0.500     0.026     0.050       344
           9      0.909     0.891     0.900      4870

    accuracy                          0.656      7530
   macro avg      0.373     0.301     0.273      7530
weighted avg      0.731     0.656     0.661      7530
