              precision    recall  f1-score   support

           0      0.885     0.531     0.663      1142
           1      0.193     0.178     0.186       230
           2      0.369     0.276     0.316       199
           3      0.103     0.098     0.100       112
           4      0.041     0.072     0.052        97
           5      0.049     0.287     0.084       188
           6      0.115     0.263     0.160       179
           7      0.337     0.103     0.158       319
           8      0.700     0.011     0.021       654
           9      0.854     0.876     0.865      7123

    accuracy                          0.693     10243
   macro avg      0.365     0.270     0.261     10243
weighted avg      0.763     0.693     0.698     10243
