              precision    recall  f1-score   support

           0      0.951     0.476     0.634       818
           1      0.211     0.149     0.175       235
           2      0.454     0.419     0.436       284
           3      0.087     0.287     0.133       181
           4      0.043     0.023     0.030       174
           5      0.037     0.221     0.064       181
           6      0.162     0.398     0.231       254
           7      0.216     0.096     0.133       384
           8      0.750     0.031     0.060       667
           9      0.889     0.858     0.873      6803

    accuracy                          0.665      9981
   macro avg      0.380     0.296     0.277      9981
weighted avg      0.768     0.665     0.683      9981
