              precision    recall  f1-score   support

           0      1.000     0.092     0.169       239
           1      0.229     0.283     0.253       315
           2      0.380     0.363     0.371       369
           3      0.181     0.211     0.195       318
           4      0.098     0.085     0.091       201
           5      0.049     0.137     0.072       241
           6      0.202     0.457     0.280       256
           7      0.000     0.000     0.000       267
           8      0.600     0.017     0.033       350
           9      0.887     0.882     0.884      4361

    accuracy                          0.626      6917
   macro avg      0.363     0.253     0.235      6917
weighted avg      0.675     0.626     0.621      6917
