              precision    recall  f1-score   support

           0      0.990     0.429     0.599       708
           1      0.208     0.081     0.116       260
           2      0.534     0.493     0.513       288
           3      0.114     0.470     0.184       166
           4      0.067     0.091     0.077       121
           5      0.063     0.224     0.099       214
           6      0.141     0.363     0.203       237
           7      0.298     0.043     0.076       392
           8      0.650     0.045     0.084       579
           9      0.887     0.883     0.885      5246

    accuracy                          0.654      8211
   macro avg      0.395     0.312     0.284      8211
weighted avg      0.746     0.654     0.662      8211
