              precision    recall  f1-score   support

           1      0.000     0.000     0.000         5
           2      0.000     0.000     0.000         0
           3      0.000     0.000     0.000         5
           4      0.000     0.000     0.000         5
           5      0.000     0.000     0.000         0
           6      0.000     0.000     0.000         0
           9      1.000     0.887     0.940       247

    accuracy                          0.836       262
   macro avg      0.143     0.127     0.134       262
weighted avg      0.943     0.836     0.886       262
