              precision    recall  f1-score   support

           0      0.867     0.743     0.800      2072
           1      0.154     0.046     0.070       263
           2      0.217     0.271     0.241        85
           3      0.000     0.000     0.000         0
           4      0.000     0.000     0.000         0
           5      0.006     0.545     0.011        11
           6      0.098     0.289     0.146       135
           7      0.186     0.116     0.143       284
           8      0.878     0.042     0.080       856
           9      0.895     0.884     0.889      7906

    accuracy                          0.747     11612
   macro avg      0.330     0.294     0.238     11612
weighted avg      0.839     0.747     0.763     11612
