              precision    recall  f1-score   support

           0      0.636     0.110     0.188       127
           1      0.368     0.178     0.240       236
           2      0.305     0.470     0.370       264
           3      0.141     0.115     0.127       244
           4      0.126     0.438     0.196        80
           5      0.093     0.250     0.136       148
           6      0.217     0.263     0.238       152
           7      0.152     0.095     0.117       147
           8      0.096     0.062     0.076       192
           9      0.914     0.835     0.873      2634

    accuracy                          0.603      4224
   macro avg      0.305     0.282     0.256      4224
weighted avg      0.660     0.603     0.618      4224
