              precision    recall  f1-score   support

           0      0.636     0.261     0.370       564
           1      0.258     0.334     0.292       299
           2      0.498     0.362     0.419       304
           3      0.180     0.213     0.196       225
           4      0.117     0.426     0.184       162
           5      0.099     0.299     0.148       211
           6      0.173     0.273     0.212       205
           7      0.185     0.194     0.189       346
           8      0.107     0.084     0.094       344
           9      0.927     0.807     0.863      4870

    accuracy                          0.614      7530
   macro avg      0.318     0.325     0.297      7530
weighted avg      0.707     0.614     0.647      7530
