              precision    recall  f1-score   support

           0      0.839     0.552     0.666      1142
           1      0.208     0.165     0.184       230
           2      0.408     0.256     0.315       199
           3      0.115     0.054     0.073       112
           4      0.099     0.423     0.160        97
           5      0.053     0.372     0.093       188
           6      0.169     0.162     0.165       179
           7      0.163     0.144     0.153       319
           8      0.087     0.083     0.085       654
           9      0.875     0.777     0.823      7123

    accuracy                          0.635     10243
   macro avg      0.302     0.299     0.272     10243
weighted avg      0.731     0.635     0.674     10243
