              precision    recall  f1-score   support

           0      0.773     0.529     0.628       818
           1      0.209     0.234     0.221       235
           2      0.450     0.447     0.449       284
           3      0.228     0.293     0.257       181
           4      0.150     0.333     0.207       174
           5      0.047     0.359     0.083       181
           6      0.165     0.177     0.171       254
           7      0.207     0.148     0.173       384
           8      0.090     0.151     0.113       667
           9      0.911     0.694     0.788      6803

    accuracy                          0.573      9981
   macro avg      0.323     0.337     0.309      9981
weighted avg      0.727     0.573     0.635      9981
