              precision    recall  f1-score   support

           0      0.810     0.782     0.796      2072
           1      0.133     0.038     0.059       263
           2      0.266     0.247     0.256        85
           3      0.000     0.000     0.000         0
           4      0.000     0.000     0.000         0
           5      0.009     1.000     0.017        11
           6      0.108     0.326     0.162       135
           7      0.135     0.063     0.086       284
           8      0.076     0.133     0.097       856
           9      0.907     0.683     0.779      7906

    accuracy                          0.623     11612
   macro avg      0.244     0.327     0.225     11612
weighted avg      0.777     0.623     0.687     11612
