              precision    recall  f1-score   support

           0      0.863     0.716     0.783      1394
           1      0.184     0.073     0.104       193
           2      0.193     0.256     0.220        90
           3      0.054     0.054     0.054        74
           4      0.113     0.410     0.177       105
           5      0.040     0.393     0.073       135
           6      0.161     0.248     0.195       165
           7      0.130     0.079     0.098       305
           8      0.093     0.160     0.118       705
           9      0.918     0.751     0.826      8882

    accuracy                          0.663     12048
   macro avg      0.275     0.314     0.265     12048
weighted avg      0.794     0.663     0.718     12048
