              precision    recall  f1-score   support

           1      0.000     0.000     0.000         5
           2      0.000     0.000     0.000         0
           3      0.000     0.000     0.000         5
           4      0.000     0.000     0.000         5
           5      0.000     0.000     0.000         0
           6      0.000     0.000     0.000         0
           7      0.000     0.000     0.000         0
           8      0.000     0.000     0.000         0
           9      1.000     0.806     0.892       247

    accuracy                          0.760       262
   macro avg      0.111     0.090     0.099       262
weighted avg      0.943     0.760     0.841       262
