              precision    recall  f1-score   support

           0      0.859     0.543     0.666      1226
           1      0.242     0.321     0.276       246
           2      0.389     0.357     0.372       241
           3      0.081     0.078     0.079       128
           4      0.122     0.451     0.192       153
           5      0.062     0.376     0.106       226
           6      0.129     0.206     0.159       218
           7      0.152     0.141     0.146       361
           8      0.108     0.151     0.126       734
           9      0.912     0.731     0.811      7915

    accuracy                          0.610     11448
   macro avg      0.305     0.336     0.293     11448
weighted avg      0.754     0.610     0.667     11448
