              precision    recall  f1-score   support

           0      0.465     0.138     0.213       239
           1      0.272     0.298     0.284       315
           2      0.359     0.442     0.396       369
           3      0.284     0.126     0.174       318
           4      0.167     0.368     0.230       201
           5      0.081     0.207     0.116       241
           6      0.188     0.297     0.230       256
           7      0.179     0.109     0.135       267
           8      0.101     0.134     0.115       350
           9      0.913     0.798     0.852      4361

    accuracy                          0.591      6917
   macro avg      0.301     0.292     0.275      6917
weighted avg      0.663     0.591     0.617      6917
