              precision    recall  f1-score   support

           0      0.799     0.472     0.593       708
           1      0.244     0.238     0.241       260
           2      0.426     0.528     0.471       288
           3      0.164     0.145     0.154       166
           4      0.099     0.413     0.160       121
           5      0.077     0.271     0.120       214
           6      0.137     0.274     0.182       237
           7      0.181     0.173     0.177       392
           8      0.108     0.117     0.113       579
           9      0.910     0.746     0.820      5246

    accuracy                          0.584      8211
   macro avg      0.315     0.338     0.303      8211
weighted avg      0.700     0.584     0.630      8211
