              precision    recall  f1-score   support

           0      0.838     0.542     0.658      1142
           1      0.216     0.174     0.193       230
           2      0.402     0.256     0.313       199
           3      0.083     0.080     0.081       112
           4      0.112     0.381     0.174        97
           5      0.054     0.356     0.093       188
           6      0.119     0.235     0.158       179
           7      0.193     0.125     0.152       319
           8      0.103     0.096     0.100       654
           9      0.874     0.777     0.823      7123

    accuracy                          0.635     10243
   macro avg      0.299     0.302     0.274     10243
weighted avg      0.731     0.635     0.674     10243
