              precision    recall  f1-score   support

           0      0.822     0.717     0.766      1394
           1      0.207     0.119     0.151       193
           2      0.162     0.178     0.169        90
           3      0.098     0.081     0.089        74
           4      0.114     0.410     0.179       105
           5      0.041     0.430     0.075       135
           6      0.126     0.261     0.170       165
           7      0.086     0.092     0.089       305
           8      0.096     0.108     0.102       705
           9      0.917     0.755     0.828      8882

    accuracy                          0.664     12048
   macro avg      0.267     0.315     0.262     12048
weighted avg      0.787     0.664     0.716     12048
