              precision    recall  f1-score   support

           0      0.762     0.523     0.620       818
           1      0.180     0.170     0.175       235
           2      0.396     0.521     0.450       284
           3      0.149     0.149     0.149       181
           4      0.148     0.471     0.226       174
           5      0.038     0.227     0.065       181
           6      0.186     0.236     0.208       254
           7      0.188     0.185     0.186       384
           8      0.141     0.120     0.130       667
           9      0.905     0.764     0.829      6803

    accuracy                          0.619      9981
   macro avg      0.309     0.337     0.304      9981
weighted avg      0.722     0.619     0.661      9981
