              precision    recall  f1-score   support

           0      0.438     0.110     0.176       127
           1      0.370     0.199     0.259       236
           2      0.337     0.447     0.384       264
           3      0.147     0.172     0.159       244
           4      0.123     0.312     0.176        80
           5      0.080     0.297     0.126       148
           6      0.196     0.178     0.186       152
           7      0.185     0.102     0.132       147
           8      0.075     0.068     0.071       192
           9      0.916     0.794     0.851      2634

    accuracy                          0.577      4224
   macro avg      0.287     0.268     0.252      4224
weighted avg      0.656     0.577     0.606      4224
