              precision    recall  f1-score   support

           0      0.892     0.431     0.581       708
           1      0.243     0.177     0.205       260
           2      0.420     0.576     0.486       288
           3      0.179     0.127     0.148       166
           4      0.101     0.455     0.166       121
           5      0.074     0.308     0.120       214
           6      0.146     0.304     0.197       237
           7      0.333     0.102     0.156       392
           8      0.124     0.171     0.143       579
           9      0.913     0.752     0.825      5246

    accuracy                          0.586      8211
   macro avg      0.343     0.340     0.303      8211
weighted avg      0.719     0.586     0.632      8211
