              precision    recall  f1-score   support

           0      0.647     0.254     0.364       564
           1      0.279     0.291     0.285       299
           2      0.458     0.418     0.437       304
           3      0.177     0.244     0.205       225
           4      0.106     0.358     0.164       162
           5      0.103     0.318     0.155       211
           6      0.170     0.278     0.211       205
           7      0.251     0.205     0.226       346
           8      0.085     0.110     0.096       344
           9      0.928     0.790     0.853      4870

    accuracy                          0.604      7530
   macro avg      0.320     0.327     0.300      7530
weighted avg      0.708     0.604     0.643      7530
