              precision    recall  f1-score   support

           1      0.000     0.000     0.000         5
           2      0.000     0.000     0.000         0
           3      0.000     0.000     0.000         5
           4      0.000     0.000     0.000         5
           5      0.000     0.000     0.000         0
           6      0.000     0.000     0.000         0
           7      0.000     0.000     0.000         0
           8      0.000     0.000     0.000         0
           9      1.000     0.757     0.862       247

    accuracy                          0.714       262
   macro avg      0.111     0.084     0.096       262
weighted avg      0.943     0.714     0.812       262
