              precision    recall  f1-score   support

           0      0.816     0.772     0.793      2072
           1      0.079     0.023     0.035       263
           2      0.196     0.247     0.219        85
           3      0.000     0.000     0.000         0
           4      0.000     0.000     0.000         0
           5      0.009     1.000     0.018        11
           6      0.086     0.311     0.135       135
           7      0.084     0.116     0.098       284
           8      0.075     0.139     0.098       856
           9      0.911     0.649     0.758      7906

    accuracy                          0.600     11612
   macro avg      0.226     0.326     0.215     11612
weighted avg      0.778     0.600     0.671     11612
