              precision    recall  f1-score   support

           0      0.406     0.180     0.249       239
           1      0.263     0.279     0.271       315
           2      0.366     0.366     0.366       369
           3      0.192     0.164     0.177       318
           4      0.181     0.299     0.225       201
           5      0.063     0.137     0.086       241
           6      0.188     0.363     0.248       256
           7      0.112     0.071     0.087       267
           8      0.099     0.186     0.129       350
           9      0.911     0.764     0.831      4361

    accuracy                          0.567      6917
   macro avg      0.278     0.281     0.267      6917
weighted avg      0.652     0.567     0.601      6917
