              precision    recall  f1-score   support

           0      0.864     0.545     0.668      1226
           1      0.235     0.329     0.274       246
           2      0.357     0.378     0.367       241
           3      0.084     0.070     0.077       128
           4      0.123     0.444     0.193       153
           5      0.050     0.243     0.083       226
           6      0.156     0.257     0.194       218
           7      0.249     0.158     0.193       361
           8      0.085     0.174     0.115       734
           9      0.908     0.713     0.799      7915

    accuracy                          0.599     11448
   macro avg      0.311     0.331     0.296     11448
weighted avg      0.752     0.599     0.660     11448
